image: bagmap.pgm
resolution: 0.060000
origin: [-100.020000, -100.020000, 0.000000]
negate: 0
occupied_thresh: 0.65
free_thresh: 0.196

