image: feb24.pgm
resolution: 0.050000
origin: [-4.528035, -1.790769, 0.000000]
negate: 0
occupied_thresh: 0.65
free_thresh: 0.196

