image: racecar_walker.pgm
resolution: 0.050000
origin: [-13.084904, -12.549211, 0.000000]
negate: 0
occupied_thresh: 0.65
free_thresh: 0.196

