image: trackporto.pgm
resolution: 0.050000
origin: [-11.883264, -4.580579, 0.000000]
negate: 0
occupied_thresh: 0.65
free_thresh: 0.196

