image: trackbarca.pgm
resolution: 0.050000
origin: [-17.693642, -37.279056, 0.000000]
negate: 0
occupied_thresh: 0.65
free_thresh: 0.196

